type calo_calo_cosh_deta_lut_sfixed_array is array (0 to 2**MAX_CALO_ETA_BITS-1) of sfixed(14 downto -20);
constant CALO_CALO_COSH_DETA_LUT_SFIXED : calo_calo_cosh_deta_lut_sfixed_array := (
1000, 1001, 1004, 1009, 1015, 1024, 1034, 1047, 1061, 1078, 1096, 1117, 1139, 1164, 1191, 1221,
1252, 1286, 1323, 1361, 1403, 1447, 1494, 1544, 1596, 1652, 1711, 1773, 1838, 1907, 1979, 2056,
2136, 2220, 2308, 2401, 2498, 2600, 2707, 2819, 2936, 3059, 3188, 3323, 3464, 3611, 3766, 3927,
4096, 4273, 4458, 4651, 4853, 5064, 5285, 5516, 5757, 6010, 6273, 6548, 6836, 7137, 7451, 7780,
8123, 8481, 8856, 9247, 9656, 10083, 10529, 10995, 11482, 11990, 12522, 13077, 13656, 14262, 14894, 15555,
16245, 16966, 17719, 18506, 19327, 20186, 21082, 22018, 22996, 24018, 25085, 26199, 27363, 28579, 29848, 31175,
32560, 34007, 35518, 37097, 38746, 40468, 42266, 44145, 46107, 48157, 50297, 52533, 54868, 57307, 59855, 62516,
65295, 68197, 71229, 74396, 77703, 81157, 84765, 88534, 92470, 96581, 100875, 105359, 110043, 114936, 120045, 125382,
130957, 136779, 142860, 149211, 155845, 162774, 170011, 177569, 185464, 193709, 202322, 211317, 220712, 230525, 240774, 251478,
262659, 274337, 286534, 299273, 312578, 326476, 340991, 356151, 371985, 388524, 405798, 423839, 442683, 462365, 482921, 504392,
526817, 550240, 574703, 600254, 626942, 654815, 683928, 714336, 746095, 779267, 813913, 850099, 887895, 927370, 968601, 1011665,
1056644, 1103622, 1152689, 1203938, 1257465, 1313372, 1371764, 1432753, 1496453, 1562985, 1632476, 1705055, 1780862, 1860039, 1942737, 2029111,
2119325, 2213550, 2311964, 2414754, 2522114, 2634248, 2751366, 2873692, 3001456, 3134901, 3274279, 3419853, 3571900, 3730706, 3896573, 4069815,
4250759, 4439748, 4637139, 4843306, 5058639, 5283546, 5518453, 5763803, 6020062, 6287714, 6567266, 6859246, 7164208, 7482729, 7815411, 8162884,
8525806, 8904863, 9300773, 9714286, 10146183, 10597282, 0, 0, 0, 0, 0, 0, 0, 0, 0, 0,
0, 0, 0, 0, 0, 0, 0, 0, 0, 0, 0, 0, 0, 0, 0, 0
);
