type calo_calo_diff_eta_lut_sfixed_array is array (0 to 2**MAX_CALO_ETA_BITS-1) of sfixed(5 downto -20);
constant CALO_CALO_DIFF_ETA_LUT_SFIXED : calo_calo_diff_eta_lut_sfixed_array := (
0, 44, 87, 131, 174, 217, 261, 305, 348, 391, 435, 479, 522, 566, 609, 653,
696, 739, 783, 826, 870, 914, 957, 1001, 1044, 1088, 1131, 1174, 1218, 1261, 1305, 1348,
1392, 1436, 1479, 1523, 1566, 1610, 1653, 1697, 1740, 1783, 1827, 1870, 1914, 1957, 2001, 2044,
2088, 2132, 2175, 2218, 2262, 2306, 2349, 2392, 2436, 2480, 2523, 2567, 2610, 2653, 2697, 2741,
2784, 2827, 2871, 2915, 2958, 3001, 3045, 3089, 3132, 3176, 3219, 3262, 3306, 3350, 3393, 3436,
3480, 3524, 3567, 3610, 3654, 3698, 3741, 3784, 3828, 3871, 3915, 3959, 4002, 4045, 4089, 4132,
4176, 4220, 4263, 4307, 4350, 4393, 4437, 4480, 4524, 4568, 4611, 4655, 4698, 4741, 4785, 4829,
4872, 4916, 4959, 5002, 5046, 5089, 5133, 5177, 5220, 5264, 5307, 5350, 5394, 5438, 5481, 5525,
5568, 5611, 5655, 5698, 5742, 5786, 5829, 5873, 5916, 5959, 6003, 6047, 6090, 6134, 6177, 6220,
6264, 6307, 6351, 6395, 6438, 6482, 6525, 6568, 6612, 6656, 6699, 6743, 6786, 6829, 6873, 6916,
6960, 7004, 7047, 7091, 7134, 7177, 7221, 7264, 7308, 7352, 7395, 7438, 7482, 7525, 7569, 7613,
7656, 7700, 7743, 7786, 7830, 7873, 7917, 7961, 8004, 8047, 8091, 8134, 8178, 8221, 8265, 8308,
8352, 8396, 8439, 8483, 8526, 8570, 8613, 8657, 8700, 8744, 8787, 8830, 8874, 8917, 8961, 9005,
9048, 9092, 9135, 9179, 9222, 9266, 9309, 9353, 9396, 9439, 9483, 9526, 9570, 9614, 9657, 9701,
9744, 9788, 9831, 9875, 9918, 9962, 0, 0, 0, 0, 0, 0, 0, 0, 0, 0,
0, 0, 0, 0, 0, 0, 0, 0, 0, 0, 0, 0, 0, 0, 0, 0
);
