type calo_calo_cos_dphi_lut_sfixed_array is array (0 to 2**MAX_CALO_PHI_BITS-1) of sfixed(1 downto -20);
constant CALO_CALO_COS_DPHI_LUT_SFIXED : calo_calo_cos_dphi_lut_sfixed_array := (
1000, 999, 996, 991, 985, 976, 966, 954, 940, 924, 906, 887, 866, 843, 819, 793,
766, 737, 707, 676, 643, 609, 574, 537, 500, 462, 423, 383, 342, 301, 259, 216,
174, 131, 87, 44, 0, -44, -87, -131, -174, -216, -259, -301, -342, -383, -423, -462,
-500, -537, -574, -609, -643, -676, -707, -737, -766, -793, -819, -843, -866, -887, -906, -924,
-940, -954, -966, -976, -985, -991, -996, -999, -1000, -999, -996, -991, -985, -976, -966, -954,
-940, -924, -906, -887, -866, -843, -819, -793, -766, -737, -707, -676, -643, -609, -574, -537,
-500, -462, -423, -383, -342, -301, -259, -216, -174, -131, -87, -44, 0, 44, 87, 131,
174, 216, 259, 301, 342, 383, 423, 462, 500, 537, 574, 609, 643, 676, 707, 737,
766, 793, 819, 843, 866, 887, 906, 924, 940, 954, 966, 976, 985, 991, 996, 999,
0, 0, 0, 0, 0, 0, 0, 0, 0, 0, 0, 0, 0, 0, 0, 0,
0, 0, 0, 0, 0, 0, 0, 0, 0, 0, 0, 0, 0, 0, 0, 0,
0, 0, 0, 0, 0, 0, 0, 0, 0, 0, 0, 0, 0, 0, 0, 0,
0, 0, 0, 0, 0, 0, 0, 0, 0, 0, 0, 0, 0, 0, 0, 0,
0, 0, 0, 0, 0, 0, 0, 0, 0, 0, 0, 0, 0, 0, 0, 0,
0, 0, 0, 0, 0, 0, 0, 0, 0, 0, 0, 0, 0, 0, 0, 0,
0, 0, 0, 0, 0, 0, 0, 0, 0, 0, 0, 0, 0, 0, 0, 0
);
