type calo_calo_diff_phi_lut_sfixed_array is array (0 to 2**MAX_CALO_PHI_BITS-1) of sfixed(3 downto -20);
constant CALO_CALO_DIFF_PHI_LUT_SFIXED : calo_calo_diff_phi_lut_sfixed_array := (
0, 44, 87, 131, 175, 218, 262, 305, 349, 393, 436, 480, 524, 567, 611, 654,
698, 742, 785, 829, 873, 916, 960, 1004, 1047, 1091, 1134, 1178, 1222, 1265, 1309, 1353,
1396, 1440, 1484, 1527, 1571, 1614, 1658, 1702, 1745, 1789, 1833, 1876, 1920, 1963, 2007, 2051,
2094, 2138, 2182, 2225, 2269, 2313, 2356, 2400, 2443, 2487, 2531, 2574, 2618, 2662, 2705, 2749,
2793, 2836, 2880, 2923, 2967, 3011, 3054, 3098, 3142, 3185, 3229, 3272, 3316, 3360, 3403, 3447,
3491, 3534, 3578, 3622, 3665, 3709, 3752, 3796, 3840, 3883, 3927, 3971, 4014, 4058, 4102, 4145,
4189, 4232, 4276, 4320, 4363, 4407, 4451, 4494, 4538, 4581, 4625, 4669, 4712, 4756, 4800, 4843,
4887, 4931, 4974, 5018, 5061, 5105, 5149, 5192, 5236, 5280, 5323, 5367, 5411, 5454, 5498, 5541,
5585, 5629, 5672, 5716, 5760, 5803, 5847, 5890, 5934, 5978, 6021, 6065, 6109, 6152, 6196, 6240,
0, 0, 0, 0, 0, 0, 0, 0, 0, 0, 0, 0, 0, 0, 0, 0,
0, 0, 0, 0, 0, 0, 0, 0, 0, 0, 0, 0, 0, 0, 0, 0,
0, 0, 0, 0, 0, 0, 0, 0, 0, 0, 0, 0, 0, 0, 0, 0,
0, 0, 0, 0, 0, 0, 0, 0, 0, 0, 0, 0, 0, 0, 0, 0,
0, 0, 0, 0, 0, 0, 0, 0, 0, 0, 0, 0, 0, 0, 0, 0,
0, 0, 0, 0, 0, 0, 0, 0, 0, 0, 0, 0, 0, 0, 0, 0,
0, 0, 0, 0, 0, 0, 0, 0, 0, 0, 0, 0, 0, 0, 0, 0
);
