type muon_muon_cos_dphi_lut_sfixed_array is array (0 to 2**(MUON_PHI_HIGH-MUON_PHI_LOW+1)-1) of sfixed(1 downto -20);
constant MU_MU_COS_DPHI_LUT_SFIXED : muon_muon_cos_dphi_lut_sfixed_array := (
10000, 9999, 9998, 9995, 9990, 9985, 9979, 9971, 9962, 9952, 9941, 9928, 9914, 9900, 9884, 9866,
9848, 9829, 9808, 9786, 9763, 9739, 9713, 9687, 9659, 9630, 9600, 9569, 9537, 9504, 9469, 9434,
9397, 9359, 9320, 9280, 9239, 9197, 9153, 9109, 9063, 9016, 8969, 8920, 8870, 8819, 8767, 8714,
8660, 8605, 8549, 8492, 8434, 8375, 8315, 8254, 8192, 8128, 8064, 7999, 7934, 7867, 7799, 7730,
7660, 7590, 7518, 7446, 7373, 7299, 7224, 7148, 7071, 6994, 6915, 6836, 6756, 6675, 6593, 6511,
6428, 6344, 6259, 6174, 6088, 6001, 5913, 5825, 5736, 5646, 5556, 5465, 5373, 5281, 5188, 5094,
5000, 4905, 4810, 4714, 4617, 4520, 4423, 4325, 4226, 4127, 4027, 3927, 3827, 3726, 3624, 3523,
3420, 3317, 3214, 3111, 3007, 2903, 2798, 2693, 2588, 2483, 2377, 2271, 2164, 2058, 1951, 1844,
1736, 1629, 1521, 1413, 1305, 1197, 1089, 980, 872, 763, 654, 545, 436, 327, 218, 109,
0, -109, -218, -327, -436, -545, -654, -763, -872, -980, -1089, -1197, -1305, -1413, -1521, -1629,
-1736, -1844, -1951, -2058, -2164, -2271, -2377, -2483, -2588, -2693, -2798, -2903, -3007, -3111, -3214, -3317,
-3420, -3523, -3624, -3726, -3827, -3927, -4027, -4127, -4226, -4325, -4423, -4520, -4617, -4714, -4810, -4905,
-5000, -5094, -5188, -5281, -5373, -5465, -5556, -5646, -5736, -5825, -5913, -6001, -6088, -6174, -6259, -6344,
-6428, -6511, -6593, -6675, -6756, -6836, -6915, -6994, -7071, -7148, -7224, -7299, -7373, -7446, -7518, -7590,
-7660, -7730, -7799, -7867, -7934, -7999, -8064, -8128, -8192, -8254, -8315, -8375, -8434, -8492, -8549, -8605,
-8660, -8714, -8767, -8819, -8870, -8920, -8969, -9016, -9063, -9109, -9153, -9197, -9239, -9280, -9320, -9359,
-9397, -9434, -9469, -9504, -9537, -9569, -9600, -9630, -9659, -9687, -9713, -9739, -9763, -9786, -9808, -9829,
-9848, -9866, -9884, -9900, -9914, -9928, -9941, -9952, -9962, -9971, -9979, -9985, -9990, -9995, -9998, -9999,
-10000, -9999, -9998, -9995, -9990, -9985, -9979, -9971, -9962, -9952, -9941, -9928, -9914, -9900, -9884, -9866,
-9848, -9829, -9808, -9786, -9763, -9739, -9713, -9687, -9659, -9630, -9600, -9569, -9537, -9504, -9469, -9434,
-9397, -9359, -9320, -9280, -9239, -9197, -9153, -9109, -9063, -9016, -8969, -8920, -8870, -8819, -8767, -8714,
-8660, -8605, -8549, -8492, -8434, -8375, -8315, -8254, -8192, -8128, -8064, -7999, -7934, -7867, -7799, -7730,
-7660, -7590, -7518, -7446, -7373, -7299, -7224, -7148, -7071, -6994, -6915, -6836, -6756, -6675, -6593, -6511,
-6428, -6344, -6259, -6174, -6088, -6001, -5913, -5825, -5736, -5646, -5556, -5465, -5373, -5281, -5188, -5094,
-5000, -4905, -4810, -4714, -4617, -4520, -4423, -4325, -4226, -4127, -4027, -3927, -3827, -3726, -3624, -3523,
-3420, -3317, -3214, -3111, -3007, -2903, -2798, -2693, -2588, -2483, -2377, -2271, -2164, -2058, -1951, -1844,
-1736, -1629, -1521, -1413, -1305, -1197, -1089, -980, -872, -763, -654, -545, -436, -327, -218, -109,
0, 109, 218, 327, 436, 545, 654, 763, 872, 980, 1089, 1197, 1305, 1413, 1521, 1629,
1736, 1844, 1951, 2058, 2164, 2271, 2377, 2483, 2588, 2693, 2798, 2903, 3007, 3111, 3214, 3317,
3420, 3523, 3624, 3726, 3827, 3927, 4027, 4127, 4226, 4325, 4423, 4520, 4617, 4714, 4810, 4905,
5000, 5094, 5188, 5281, 5373, 5465, 5556, 5646, 5736, 5825, 5913, 6001, 6088, 6174, 6259, 6344,
6428, 6511, 6593, 6675, 6756, 6836, 6915, 6994, 7071, 7148, 7224, 7299, 7373, 7446, 7518, 7590,
7660, 7730, 7799, 7867, 7934, 7999, 8064, 8128, 8192, 8254, 8315, 8375, 8434, 8492, 8549, 8605,
8660, 8714, 8767, 8819, 8870, 8920, 8969, 9016, 9063, 9109, 9153, 9197, 9239, 9280, 9320, 9359,
9397, 9434, 9469, 9504, 9537, 9569, 9600, 9630, 9659, 9687, 9713, 9739, 9763, 9786, 9808, 9829,
9848, 9866, 9884, 9900, 9914, 9928, 9941, 9952, 9962, 9971, 9979, 9985, 9990, 9995, 9998, 9999,
0, 0, 0, 0, 0, 0, 0, 0, 0, 0, 0, 0, 0, 0, 0, 0,
0, 0, 0, 0, 0, 0, 0, 0, 0, 0, 0, 0, 0, 0, 0, 0,
0, 0, 0, 0, 0, 0, 0, 0, 0, 0, 0, 0, 0, 0, 0, 0,
0, 0, 0, 0, 0, 0, 0, 0, 0, 0, 0, 0, 0, 0, 0, 0,
0, 0, 0, 0, 0, 0, 0, 0, 0, 0, 0, 0, 0, 0, 0, 0,
0, 0, 0, 0, 0, 0, 0, 0, 0, 0, 0, 0, 0, 0, 0, 0,
0, 0, 0, 0, 0, 0, 0, 0, 0, 0, 0, 0, 0, 0, 0, 0,
0, 0, 0, 0, 0, 0, 0, 0, 0, 0, 0, 0, 0, 0, 0, 0,
0, 0, 0, 0, 0, 0, 0, 0, 0, 0, 0, 0, 0, 0, 0, 0,
0, 0, 0, 0, 0, 0, 0, 0, 0, 0, 0, 0, 0, 0, 0, 0,
0, 0, 0, 0, 0, 0, 0, 0, 0, 0, 0, 0, 0, 0, 0, 0,
0, 0, 0, 0, 0, 0, 0, 0, 0, 0, 0, 0, 0, 0, 0, 0,
0, 0, 0, 0, 0, 0, 0, 0, 0, 0, 0, 0, 0, 0, 0, 0,
0, 0, 0, 0, 0, 0, 0, 0, 0, 0, 0, 0, 0, 0, 0, 0,
0, 0, 0, 0, 0, 0, 0, 0, 0, 0, 0, 0, 0, 0, 0, 0,
0, 0, 0, 0, 0, 0, 0, 0, 0, 0, 0, 0, 0, 0, 0, 0,
0, 0, 0, 0, 0, 0, 0, 0, 0, 0, 0, 0, 0, 0, 0, 0,
0, 0, 0, 0, 0, 0, 0, 0, 0, 0, 0, 0, 0, 0, 0, 0,
0, 0, 0, 0, 0, 0, 0, 0, 0, 0, 0, 0, 0, 0, 0, 0,
0, 0, 0, 0, 0, 0, 0, 0, 0, 0, 0, 0, 0, 0, 0, 0,
0, 0, 0, 0, 0, 0, 0, 0, 0, 0, 0, 0, 0, 0, 0, 0,
0, 0, 0, 0, 0, 0, 0, 0, 0, 0, 0, 0, 0, 0, 0, 0,
0, 0, 0, 0, 0, 0, 0, 0, 0, 0, 0, 0, 0, 0, 0, 0,
0, 0, 0, 0, 0, 0, 0, 0, 0, 0, 0, 0, 0, 0, 0, 0,
0, 0, 0, 0, 0, 0, 0, 0, 0, 0, 0, 0, 0, 0, 0, 0,
0, 0, 0, 0, 0, 0, 0, 0, 0, 0, 0, 0, 0, 0, 0, 0,
0, 0, 0, 0, 0, 0, 0, 0, 0, 0, 0, 0, 0, 0, 0, 0,
0, 0, 0, 0, 0, 0, 0, 0, 0, 0, 0, 0, 0, 0, 0, 0
);
