type muon_muon_diff_eta_lut_sfixed_array is array (0 to 2**(MUON_ETA_HIGH-MUON_ETA_LOW+1)-1) of sfixed(4 downto -20);
constant MU_MU_DIFF_ETA_LUT_SFIXED : muon_muon_diff_eta_lut_sfixed_array := (
0, 11, 22, 33, 44, 54, 65, 76, 87, 98, 109, 120, 131, 141, 152, 163,
174, 185, 196, 207, 217, 228, 239, 250, 261, 272, 283, 294, 305, 315, 326, 337,
348, 359, 370, 381, 391, 402, 413, 424, 435, 446, 457, 468, 479, 489, 500, 511,
522, 533, 544, 555, 566, 576, 587, 598, 609, 620, 631, 642, 653, 663, 674, 685,
696, 707, 718, 729, 739, 750, 761, 772, 783, 794, 805, 816, 826, 837, 848, 859,
870, 881, 892, 903, 914, 924, 935, 946, 957, 968, 979, 990, 1001, 1011, 1022, 1033,
1044, 1055, 1066, 1077, 1088, 1098, 1109, 1120, 1131, 1142, 1153, 1164, 1174, 1185, 1196, 1207,
1218, 1229, 1240, 1251, 1261, 1272, 1283, 1294, 1305, 1316, 1327, 1338, 1348, 1359, 1370, 1381,
1392, 1403, 1414, 1425, 1436, 1446, 1457, 1468, 1479, 1490, 1501, 1512, 1523, 1533, 1544, 1555,
1566, 1577, 1588, 1599, 1610, 1620, 1631, 1642, 1653, 1664, 1675, 1686, 1697, 1707, 1718, 1729,
1740, 1751, 1762, 1773, 1783, 1794, 1805, 1816, 1827, 1838, 1849, 1860, 1870, 1881, 1892, 1903,
1914, 1925, 1936, 1947, 1957, 1968, 1979, 1990, 2001, 2012, 2023, 2034, 2044, 2055, 2066, 2077,
2088, 2099, 2110, 2121, 2132, 2142, 2153, 2164, 2175, 2186, 2197, 2208, 2218, 2229, 2240, 2251,
2262, 2273, 2284, 2295, 2306, 2316, 2327, 2338, 2349, 2360, 2371, 2382, 2392, 2403, 2414, 2425,
2436, 2447, 2458, 2469, 2480, 2490, 2501, 2512, 2523, 2534, 2545, 2556, 2567, 2577, 2588, 2599,
2610, 2621, 2632, 2643, 2653, 2664, 2675, 2686, 2697, 2708, 2719, 2730, 2741, 2751, 2762, 2773,
2784, 2795, 2806, 2817, 2827, 2838, 2849, 2860, 2871, 2882, 2893, 2904, 2915, 2925, 2936, 2947,
2958, 2969, 2980, 2991, 3001, 3012, 3023, 3034, 3045, 3056, 3067, 3078, 3089, 3099, 3110, 3121,
3132, 3143, 3154, 3165, 3176, 3186, 3197, 3208, 3219, 3230, 3241, 3252, 3262, 3273, 3284, 3295,
3306, 3317, 3328, 3339, 3350, 3360, 3371, 3382, 3393, 3404, 3415, 3426, 3436, 3447, 3458, 3469,
3480, 3491, 3502, 3513, 3524, 3534, 3545, 3556, 3567, 3578, 3589, 3600, 3610, 3621, 3632, 3643,
3654, 3665, 3676, 3687, 3698, 3708, 3719, 3730, 3741, 3752, 3763, 3774, 3784, 3795, 3806, 3817,
3828, 3839, 3850, 3861, 3871, 3882, 3893, 3904, 3915, 3926, 3937, 3948, 3959, 3969, 3980, 3991,
4002, 4013, 4024, 4035, 4045, 4056, 4067, 4078, 4089, 4100, 4111, 4122, 4132, 4143, 4154, 4165,
4176, 4187, 4198, 4209, 4220, 4230, 4241, 4252, 4263, 4274, 4285, 4296, 4307, 4317, 4328, 4339,
4350, 4361, 4372, 4383, 4393, 4404, 4415, 4426, 4437, 4448, 4459, 4470, 4480, 4491, 4502, 4513,
4524, 4535, 4546, 4557, 4568, 4578, 4589, 4600, 4611, 4622, 4633, 4644, 4655, 4665, 4676, 4687,
4698, 4709, 4720, 4731, 4741, 4752, 4763, 4774, 4785, 4796, 4807, 4818, 4829, 4839, 4850, 4861,
4872, 4883, 4894, 0, 0, 0, 0, 0, 0, 0, 0, 0, 0, 0, 0, 0,
0, 0, 0, 0, 0, 0, 0, 0, 0, 0, 0, 0, 0, 0, 0, 0,
0, 0, 0, 0, 0, 0, 0, 0, 0, 0, 0, 0, 0, 0, 0, 0,
0, 0, 0, 0, 0, 0, 0, 0, 0, 0, 0, 0, 0, 0, 0, 0
);
