type muon_muon_cosh_deta_lut_sfixed_array is array (0 to 2**(MUON_ETA_HIGH-MUON_ETA_LOW+1)-1) of sfixed(7 downto -20);
constant MU_MU_COSH_DETA_LUT_SFIXED : muon_muon_cosh_deta_lut_sfixed_array := (
10000, 10001, 10002, 10005, 10009, 10015, 10021, 10029, 10038, 10048, 10059, 10072, 10085, 10100, 10116, 10133,
10152, 10171, 10192, 10214, 10237, 10262, 10288, 10314, 10343, 10372, 10402, 10434, 10467, 10501, 10537, 10574,
10612, 10651, 10691, 10733, 10776, 10821, 10866, 10913, 10961, 11011, 11061, 11113, 11167, 11222, 11278, 11335,
11394, 11454, 11515, 11578, 11642, 11708, 11774, 11843, 11912, 11984, 12056, 12130, 12205, 12282, 12360, 12440,
12521, 12604, 12688, 12774, 12861, 12950, 13040, 13132, 13225, 13320, 13417, 13515, 13614, 13716, 13819, 13923,
14029, 14137, 14247, 14358, 14471, 14585, 14702, 14820, 14940, 15061, 15185, 15310, 15437, 15565, 15696, 15829,
15963, 16099, 16237, 16378, 16520, 16664, 16809, 16957, 17107, 17259, 17413, 17569, 17727, 17888, 18050, 18215,
18381, 18550, 18721, 18894, 19070, 19247, 19427, 19610, 19794, 19981, 20171, 20362, 20556, 20753, 20952, 21153,
21357, 21564, 21773, 21984, 22199, 22416, 22635, 22857, 23082, 23310, 23540, 23773, 24009, 24248, 24490, 24734,
24982, 25232, 25486, 25742, 26001, 26264, 26530, 26799, 27070, 27346, 27624, 27906, 28191, 28479, 28771, 29066,
29364, 29666, 29972, 30281, 30593, 30910, 31230, 31553, 31881, 32212, 32547, 32885, 33228, 33575, 33925, 34280,
34638, 35001, 35368, 35739, 36114, 36494, 36877, 37266, 37658, 38055, 38457, 38863, 39274, 39689, 40109, 40534,
40963, 41398, 41837, 42282, 42731, 43185, 43645, 44109, 44579, 45054, 45534, 46020, 46512, 47008, 47511, 48018,
48532, 49051, 49577, 50108, 50645, 51187, 51736, 52291, 52853, 53420, 53994, 54574, 55161, 55754, 56354, 56961,
57574, 58194, 58821, 59455, 60095, 60743, 61399, 62061, 62731, 63408, 64093, 64785, 65485, 66193, 66908, 67632,
68363, 69102, 69850, 70606, 71370, 72143, 72924, 73714, 74513, 75320, 76137, 76962, 77796, 78640, 79493, 80355,
81227, 82109, 83000, 83901, 84812, 85732, 86664, 87605, 88557, 89519, 90491, 91475, 92469, 93474, 94491, 95518,
96557, 97607, 98669, 99742, 100827, 101924, 103033, 104155, 105288, 106434, 107593, 108764, 109949, 111146, 112356, 113580,
114817, 116068, 117332, 118610, 119903, 121209, 122530, 123866, 125215, 126580, 127960, 129355, 130765, 132191, 133632, 135089,
136562, 138052, 139557, 141079, 142618, 144174, 145746, 147336, 148943, 150568, 152211, 153872, 155551, 157248, 158964, 160699,
162453, 164226, 166018, 167830, 169662, 171514, 173386, 175279, 177192, 179127, 181082, 183059, 185058, 187078, 189121, 191186,
193274, 195384, 197518, 199675, 201855, 204060, 206289, 208542, 210819, 213122, 215450, 217803, 220182, 222587, 225018, 227476,
229961, 232473, 235013, 237580, 240176, 242800, 245452, 248134, 250845, 253586, 256356, 259157, 261989, 264852, 267745, 270671,
273629, 276619, 279641, 282697, 285786, 288909, 292066, 295258, 298485, 301747, 305044, 308378, 311748, 315155, 318599, 322081,
325601, 329160, 332757, 336394, 340071, 343788, 347545, 351344, 355184, 359066, 362991, 366958, 370969, 375024, 379123, 383267,
387457, 391692, 395974, 400302, 404678, 409101, 413573, 418094, 422664, 427284, 431955, 436677, 441451, 446276, 451155, 456087,
461073, 466113, 471208, 476360, 481567, 486832, 492154, 497534, 502973, 508472, 514030, 519650, 525331, 531074, 536880, 542749,
548683, 554682, 560746, 566876, 573074, 579339, 585673, 592076, 598549, 605092, 611708, 618396, 625156, 631991, 638901, 645886,
652947, 660086, 667303, 0, 0, 0, 0, 0, 0, 0, 0, 0, 0, 0, 0, 0,
0, 0, 0, 0, 0, 0, 0, 0, 0, 0, 0, 0, 0, 0, 0, 0,
0, 0, 0, 0, 0, 0, 0, 0, 0, 0, 0, 0, 0, 0, 0, 0,
0, 0, 0, 0, 0, 0, 0, 0, 0, 0, 0, 0, 0, 0, 0, 0
);
