type muon_muon_diff_phi_lut_sfixed_array is array (0 to 2**(MUON_PHI_HIGH-MUON_PHI_LOW+1)-1) of sfixed(3 downto -20);
constant MU_MU_DIFF_PHI_LUT_SFIXED : muon_muon_diff_phi_lut_sfixed_array := (
0, 11, 22, 33, 44, 55, 65, 76, 87, 98, 109, 120, 131, 142, 153, 164,
175, 185, 196, 207, 218, 229, 240, 251, 262, 273, 284, 295, 305, 316, 327, 338,
349, 360, 371, 382, 393, 404, 415, 425, 436, 447, 458, 469, 480, 491, 502, 513,
524, 535, 545, 556, 567, 578, 589, 600, 611, 622, 633, 644, 654, 665, 676, 687,
698, 709, 720, 731, 742, 753, 764, 774, 785, 796, 807, 818, 829, 840, 851, 862,
873, 884, 894, 905, 916, 927, 938, 949, 960, 971, 982, 993, 1004, 1014, 1025, 1036,
1047, 1058, 1069, 1080, 1091, 1102, 1113, 1124, 1134, 1145, 1156, 1167, 1178, 1189, 1200, 1211,
1222, 1233, 1244, 1254, 1265, 1276, 1287, 1298, 1309, 1320, 1331, 1342, 1353, 1364, 1374, 1385,
1396, 1407, 1418, 1429, 1440, 1451, 1462, 1473, 1484, 1494, 1505, 1516, 1527, 1538, 1549, 1560,
1571, 1582, 1593, 1604, 1614, 1625, 1636, 1647, 1658, 1669, 1680, 1691, 1702, 1713, 1724, 1734,
1745, 1756, 1767, 1778, 1789, 1800, 1811, 1822, 1833, 1844, 1854, 1865, 1876, 1887, 1898, 1909,
1920, 1931, 1942, 1953, 1963, 1974, 1985, 1996, 2007, 2018, 2029, 2040, 2051, 2062, 2073, 2083,
2094, 2105, 2116, 2127, 2138, 2149, 2160, 2171, 2182, 2193, 2203, 2214, 2225, 2236, 2247, 2258,
2269, 2280, 2291, 2302, 2313, 2323, 2334, 2345, 2356, 2367, 2378, 2389, 2400, 2411, 2422, 2433,
2443, 2454, 2465, 2476, 2487, 2498, 2509, 2520, 2531, 2542, 2553, 2563, 2574, 2585, 2596, 2607,
2618, 2629, 2640, 2651, 2662, 2673, 2683, 2694, 2705, 2716, 2727, 2738, 2749, 2760, 2771, 2782,
2793, 2803, 2814, 2825, 2836, 2847, 2858, 2869, 2880, 2891, 2902, 2913, 2923, 2934, 2945, 2956,
2967, 2978, 2989, 3000, 3011, 3022, 3033, 3043, 3054, 3065, 3076, 3087, 3098, 3109, 3120, 3131,
3142, 3153, 3163, 3174, 3185, 3196, 3207, 3218, 3229, 3240, 3251, 3262, 3272, 3283, 3294, 3305,
3316, 3327, 3338, 3349, 3360, 3371, 3382, 3392, 3403, 3414, 3425, 3436, 3447, 3458, 3469, 3480,
3491, 3502, 3512, 3523, 3534, 3545, 3556, 3567, 3578, 3589, 3600, 3611, 3622, 3632, 3643, 3654,
3665, 3676, 3687, 3698, 3709, 3720, 3731, 3742, 3752, 3763, 3774, 3785, 3796, 3807, 3818, 3829,
3840, 3851, 3862, 3872, 3883, 3894, 3905, 3916, 3927, 3938, 3949, 3960, 3971, 3982, 3992, 4003,
4014, 4025, 4036, 4047, 4058, 4069, 4080, 4091, 4102, 4112, 4123, 4134, 4145, 4156, 4167, 4178,
4189, 4200, 4211, 4222, 4232, 4243, 4254, 4265, 4276, 4287, 4298, 4309, 4320, 4331, 4342, 4352,
4363, 4374, 4385, 4396, 4407, 4418, 4429, 4440, 4451, 4461, 4472, 4483, 4494, 4505, 4516, 4527,
4538, 4549, 4560, 4571, 4581, 4592, 4603, 4614, 4625, 4636, 4647, 4658, 4669, 4680, 4691, 4701,
4712, 4723, 4734, 4745, 4756, 4767, 4778, 4789, 4800, 4811, 4821, 4832, 4843, 4854, 4865, 4876,
4887, 4898, 4909, 4920, 4931, 4941, 4952, 4963, 4974, 4985, 4996, 5007, 5018, 5029, 5040, 5051,
5061, 5072, 5083, 5094, 5105, 5116, 5127, 5138, 5149, 5160, 5171, 5181, 5192, 5203, 5214, 5225,
5236, 5247, 5258, 5269, 5280, 5291, 5301, 5312, 5323, 5334, 5345, 5356, 5367, 5378, 5389, 5400,
5411, 5421, 5432, 5443, 5454, 5465, 5476, 5487, 5498, 5509, 5520, 5531, 5541, 5552, 5563, 5574,
5585, 5596, 5607, 5618, 5629, 5640, 5651, 5661, 5672, 5683, 5694, 5705, 5716, 5727, 5738, 5749,
5760, 5770, 5781, 5792, 5803, 5814, 5825, 5836, 5847, 5858, 5869, 5880, 5890, 5901, 5912, 5923,
5934, 5945, 5956, 5967, 5978, 5989, 6000, 6010, 6021, 6032, 6043, 6054, 6065, 6076, 6087, 6098,
6109, 6120, 6130, 6141, 6152, 6163, 6174, 6185, 6196, 6207, 6218, 6229, 6240, 6250, 6261, 6272,
0, 0, 0, 0, 0, 0, 0, 0, 0, 0, 0, 0, 0, 0, 0, 0,
0, 0, 0, 0, 0, 0, 0, 0, 0, 0, 0, 0, 0, 0, 0, 0,
0, 0, 0, 0, 0, 0, 0, 0, 0, 0, 0, 0, 0, 0, 0, 0,
0, 0, 0, 0, 0, 0, 0, 0, 0, 0, 0, 0, 0, 0, 0, 0,
0, 0, 0, 0, 0, 0, 0, 0, 0, 0, 0, 0, 0, 0, 0, 0,
0, 0, 0, 0, 0, 0, 0, 0, 0, 0, 0, 0, 0, 0, 0, 0,
0, 0, 0, 0, 0, 0, 0, 0, 0, 0, 0, 0, 0, 0, 0, 0,
0, 0, 0, 0, 0, 0, 0, 0, 0, 0, 0, 0, 0, 0, 0, 0,
0, 0, 0, 0, 0, 0, 0, 0, 0, 0, 0, 0, 0, 0, 0, 0,
0, 0, 0, 0, 0, 0, 0, 0, 0, 0, 0, 0, 0, 0, 0, 0,
0, 0, 0, 0, 0, 0, 0, 0, 0, 0, 0, 0, 0, 0, 0, 0,
0, 0, 0, 0, 0, 0, 0, 0, 0, 0, 0, 0, 0, 0, 0, 0,
0, 0, 0, 0, 0, 0, 0, 0, 0, 0, 0, 0, 0, 0, 0, 0,
0, 0, 0, 0, 0, 0, 0, 0, 0, 0, 0, 0, 0, 0, 0, 0,
0, 0, 0, 0, 0, 0, 0, 0, 0, 0, 0, 0, 0, 0, 0, 0,
0, 0, 0, 0, 0, 0, 0, 0, 0, 0, 0, 0, 0, 0, 0, 0,
0, 0, 0, 0, 0, 0, 0, 0, 0, 0, 0, 0, 0, 0, 0, 0,
0, 0, 0, 0, 0, 0, 0, 0, 0, 0, 0, 0, 0, 0, 0, 0,
0, 0, 0, 0, 0, 0, 0, 0, 0, 0, 0, 0, 0, 0, 0, 0,
0, 0, 0, 0, 0, 0, 0, 0, 0, 0, 0, 0, 0, 0, 0, 0,
0, 0, 0, 0, 0, 0, 0, 0, 0, 0, 0, 0, 0, 0, 0, 0,
0, 0, 0, 0, 0, 0, 0, 0, 0, 0, 0, 0, 0, 0, 0, 0,
0, 0, 0, 0, 0, 0, 0, 0, 0, 0, 0, 0, 0, 0, 0, 0,
0, 0, 0, 0, 0, 0, 0, 0, 0, 0, 0, 0, 0, 0, 0, 0,
0, 0, 0, 0, 0, 0, 0, 0, 0, 0, 0, 0, 0, 0, 0, 0,
0, 0, 0, 0, 0, 0, 0, 0, 0, 0, 0, 0, 0, 0, 0, 0,
0, 0, 0, 0, 0, 0, 0, 0, 0, 0, 0, 0, 0, 0, 0, 0,
0, 0, 0, 0, 0, 0, 0, 0, 0, 0, 0, 0, 0, 0, 0, 0
);
