TX2 & RX2: Top MTP48

LC# LC# Logical Map    MiniPod MiniPod   Chan Quad Quad #
Tx  Rx  Link # Quad #          Ribbon #  Loc  Loc 
                                              
12  12  71             0       11        3    X0Y8 218
11  11  70             0       10        2    
9   9   69             0       8         1    
10  10  68     17      0       9         0    
7   7   67             0       6         3    X0Y7 217
8   8   66             0       7         2    
5   5   65             0       4         1    
6   6   64     16      0       5         0    
3   3   63             0       2         3    X0Y6 216
4   4   62             0       3         2    
1   1   61             0       0         1    
2   2   60     15      0       1         0    
24  24  59             1       11        3    X0Y5 215
23  23  58             1       10        2    
21  21  57             1       8         1    
22  22  56     14      1       9         0    
19  19  55             1       6         3    X0Y4 214
20  20  54             1       7         2         
17  17  53             1       4         1         
18  18  52     13      1       5         0         
15  15  51             1       2         3    X0Y3 213
16  16  50             1       3         2         
13  13  49             1       0         1         
14  14  48     12      1       1         0         
36  36  47             2       11        3    X0Y2 212
35  34  46             2       9         2         
33  35  45             2       10        1         
34  33  44     11      2       8         0         
31  32  43             2       6         3    X0Y1 211
32  31  42             2       7         2         
29  29  41             2       4         1         
30  30  40     10      2       5         0         
27  27  39             2       2         3    X0Y0 210
28  28  38             2       3         2         
25  25  37             2       0         1         
26  26  36     9       2       1         0         
                                                                               
=========================================================

TX1 & RX1: Bottom MTP48                                                        
                                                                               
Quad # Quad Chan MiniPod MiniPod  Logical Map   LC # LC #
       Loc  Loc          Ribbon # Quad # Link # Rx   Tx
                                
118    X1Y8 3    0       3        0      0      1    1
            2    1       3               1      2    2
            1    2       3               2      3    3
            0    3       3               3      4    4
117    X1Y7 3    4       3        1      4      5    5
            2    5       3               5      6    6
            1    6       3               6      7    7
            0    7       3               7      8    8
116    X1Y6 3    8       3        2      8      9    9
            2    9       3               9      10   10
            1    10      3              10      11   11
            0    11      3              11      12   12
115    X1Y5 3    0       4        3     12      13   13
            2    1       4              13      14   14
            1    2       4              14      15   15
            0    3       4              15      16   16
114    X1Y4 3    4       4        4     16      17   17
            2    5       4              17      18   18
            1    6       4              18      19   19
            0    7       4              19      20   20
113    X1Y3 3    8       4        5     20      21   21
            2    9       4              21      22   22
            1    10      4              22      23   23
            0    11      4              23      24   24
112    X1Y2 3    0       5        6     24      25   25
            2    3       5              25      28   26
            1    1       5              26      26   27
            0    2       5              27      27   28
111    X1Y1 3    5       5        7     28      30   29
            2    4       5              29      29   30
            1    6       5              30      31   31
            0    7       5              31      32   32
110    X1Y0 3    8       5        8     32      33   33
            2    9       5              33      34   34
            1    10      5              34      35   35
            0    11      5              35      36   36
